63
85
66
27
32
17
57
58
49
65
79
48
88
10
18
51
20
10
28
74
25
35
56
9
65
48
98
16
54
19
85
58
24
54
20
4
71
2
34
45
46
29
44
45
61
59
22
49
53
36
23
45
82
72
37
17
83
90
57
73
61
57
67
77
9
53
92
94
47
51
100
42
100
59
50
18
42
67
42
18
61
49
57
11
54
69
75
64
40
62
59
98
52
77
73
55
99
75
70
91
67
36
78
9
17
78
46
16
37
60
93
63
56
6
4
100
76
64
88
78
92
65
4
1
59
51
52
12
13
32
83
86
18
83
45
30
40
71
14
18
90
55
41
71
74
51
16
44
66
73
85
69
65
66
29
50
70
61
82
45
36
91
55
7
75
40
41
77
6
90
98
73
41
67
22
46
96
91
87
61
58
34
9
96
37
1
87
91
9
85
78
96
70
37
48
10
78
11
78
49
92
91
41
55
62
93
63
35
13
53
60
70
89
89
73
61
99
23
24
38
51
48
61
97
86
58
16
13
31
33
71
40
62
9
41
77
69
78
90
47
54
26
26
84
35
61
72
15
35
76
94
45
57
25
14
42
9
91
78
75
46
28
23
51
1
5
65
14
41
42
44
47
67
91
63
5
83
79
62
68
29
77
81
25
16
96
98
45
22
37
20
24
15
18
61
75
18
57
63
18
96
73
34
28
42
25
47
65
35
63
84
76
4
85
37
8
64
82
56
72
16
4
54
41
39
31
77
78
53
50
93
74
32
20
56
41
13
70
52
96
57
45
93
71
56
41
29
15
73
74
87
29
48
11
52
68
41
24
6
92
40
83
60
81
55
34
68
56
61
11
56
88
28
4
90
22
60
21
63
85
66
72
90
19
49
55
98
65
53
1
84
17
11
57
24
41
29
64
49
53
52
25
68
73
68
21
10
8
11
41
17
2
17
75
21
93
99
7
49
82
36
51
48
34
74
4
51
2
10
38
56
71
28
2
59
81
80
85
23
72
42
83
54
41
38
89
42
18
16
49
32
2
87
10
54
48
26
37
49
12
63
81
87
91
20
13
13
39
1
77
100
91
99
80
63
68
39
65
9
12
100
92
59
79
26
58
50
68
41
45
42
30
85
34
26
47
3
51
4
58
76
33
17
43
21
85
79
74
63
6
19
38
