89
28
51
80
52
74
84
87
70
8
32
41
31
59
9
52
97
19
89
95
24
41
48
96
12
36
81
34
80
56
17
71
33
32
58
36
4
3
89
61
43
81
67
42
9
77
24
55
66
56
45
65
60
25
43
55
46
49
18
55
91
19
56
8
25
69
58
94
40
83
13
54
57
88
54
73
37
58
1
61
25
6
39
56
66
71
33
72
17
30
38
35
54
94
2
59
59
94
78
41
83
19
56
90
59
6
14
10
22
59
36
97
74
27
93
81
26
40
79
71
85
36
90
56
91
29
17
95
84
74
17
56
54
3
81
15
15
87
76
14
89
7
37
63
19
86
55
65
44
38
65
6
5
62
57
79
59
78
89
66
49
80
71
26
56
69
99
77
94
62
43
38
69
74
54
52
49
84
2
53
24
92
94
18
50
96
90
51
60
91
49
10
16
92
23
63
87
67
7
4
90
100
26
19
12
35
27
89
93
61
36
16
88
16
46
33
47
28
25
30
14
25
64
79
22
35
64
46
56
21
8
19
95
21
16
27
100
11
85
51
76
21
54
63
91
91
44
63
91
9
99
36
18
53
98
50
93
90
27
90
39
34
7
79
59
69
52
43
69
43
23
81
22
81
18
78
93
61
50
38
48
62
66
39
86
29
28
34
36
43
24
4
71
30
91
60
81
6
51
63
5
54
93
62
54
76
100
78
36
95
48
85
28
68
68
4
87
41
57
83
19
13
45
82
29
99
95
51
82
53
58
39
80
39
78
84
69
22
42
93
81
70
39
37
34
28
86
49
16
34
48
38
36
34
8
77
100
55
27
9
47
97
30
77
25
48
42
49
20
77
6
13
66
3
76
57
9
2
88
57
87
30
54
83
89
69
39
33
53
50
30
94
55
63
42
1
71
17
14
32
79
40
96
30
37
58
88
46
10
36
90
38
28
87
42
30
63
90
73
26
78
49
74
18
10
58
85
39
67
46
75
41
94
93
24
57
11
10
34
65
27
89
80
94
37
37
28
93
11
1
11
19
91
78
2
42
71
6
31
33
75
42
12
24
23
73
37
40
57
75
80
36
53
4
8
90
61
99
24
81
99
96
54
24
78
90
38
7
58
86
66
48
51
30
100
89
30
82
75
92
94
93
47
64
97
7
58
29
48
67
96
29
62
78
100
70
53
50
9
99
52
90
6
93
82
17
40
12
30
42
72
92
17
87
40
33
23
1
79
69
3
66
63
66
55
60
19
42
90
60
64
31
26
71
92
96
14
12
67
74
7
47
44
38
49
31
62
41
100
36
38
73
48
13
58
32
81
15
100
5
26
6
38
14
53
81
50
97
47
63
25
69
76
8
33
28
24
18
25
46
13
29
68
76
4
2
34
86
96
16
44
73
21
19
18
80
74
54
41
29
38
83
50
13
40
35
76
44
45
67
37
28
11
84
90
25
51
52
19
3
84
61
36
69
76
47
62
48
8
70
20
24
14
10
22
36
53
20
50
79
92
53
72
90
46
36
65
48
3
31
94
84
87
14
50
60
86
1
80
46
42
52
7
2
31
15
3
44
67
54
90
9
14
82
89
99
40
44
75
37
99
87
88
59
55
97
82
64
74
20
42
51
88
61
26
20
46
45
33
49
4
49
9
77
22
42
60
98
67
18
3
68
83
81
55
100
48
60
30
86
91
32
51
89
14
24
21
14
15
100
55
59
74
63
51
24
18
98
22
73
70
48
21
53
1
65
23
14
32
51
58
39
67
73
43
28
28
2
46
72
99
65
61
35
16
6
33
73
40
82
87
78
23
67
33
44
93
60
61
31
17
62
35
73
60
14
75
46
27
78
48
92
94
55
46
94
11
27
79
4
8
47
5
43
69
97
45
76
17
12
10
26
23
17
8
2
12
3
52
98
95
5
41
91
71
77
100
81
99
14
57
60
91
62
23
57
9
80
61
14
74
41
4
25
27
23
24
36
81
20
21
49
7
58
93
31
97
50
59
25
23
29
20
10
66
20
28
51
40
25
50
89
13
79
93
89
58
98
11
62
69
94
32
97
2
71
7
65
99
50
72
96
20
5
100
47
80
15
95
65
40
20
94
40
30
9
86
89
64
80
92
23
30
16
66
46
31
23
65
64
82
93
34
4
82
16
67
7
93
51
64
91
73
97
24
25
45
75
92
82
53
31
50
71
83
11
12
2
91
20
53
76
95
79
4
100
10
50
12
87
48
57
93
68
67
67
84
80
42
66
46
36
38
11
82
55
65
67
55
66
82
43
22
68
18
51
68
15
83
15
63
58
42
80
40
26
86
84
69
46
88
43
66
22
32
21
93
19
79
42
76
34
70
91
88
31
90
71
21
26
58
17
33
78
33
42
31
97
72
98
6
90
24
54
37
98
69
51
50
88
18
67
81
77
54
83
87
11
62
15
91
27
28
67
51
55
97
63
66
27
75
100
28
90
94
96
73
30
57
43
22
92
74
16
80
32
8
73
45
42
60
4
28
62
69
90
42
33
94
83
59
2
90
49
77
73
67
68
92
6
99
72
8
63
31
24
70
61
75
9
49
55
55
47
48
39
6
25
59
48
61
76
45
46
5
86
36
36
5
29
31
56
89
41
39
34
26
73
63
4
74
94
34
30
67
52
38
10
29
3
99
97
53
99
42
46
87
33
51
75
9
7
18
50
44
100
19
47
82
30
38
32
75
31
33
68
12
13
41
95
52
40
56
24
60
74
54
18
61
46
29
65
11
65
46
59
81
12
73
96
8
1
93
7
19
31
3
68
90
63
70
16
21
9
75
26
55
17
52
81
7
60
32
77
31
94
50
11
92
100
81
82
12
19
6
96
87
40
55
92
10
100
70
96
57
6
8
16
69
32
39
51
66
56
73
57
62
73
52
20
15
25
50
59
96
57
10
21
46
63
98
33
54
4
33
73
39
46
63
3
89
97
29
75
31
25
72
59
89
71
28
29
5
83
19
98
3
77
34
46
37
91
8
19
6
55
66
74
63
86
5
10
17
83
61
82
57
98
69
43
73
11
68
80
78
38
15
60
78
98
48
11
55
16
96
90
63
13
19
34
11
11
67
71
39
11
77
62
39
64
66
40
51
77
98
64
32
6
13
31
59
20
60
4
47
3
91
99
59
26
55
86
61
15
85
63
39
92
46
59
36
14
44
58
68
68
96
23
51
26
93
86
29
20
49
62
41
48
37
50
72
48
43
20
33
92
19
64
57
78
41
38
53
88
63
62
94
25
66
70
65
58
98
87
28
61
64
37
100
12
61
26
64
70
49
82
98
21
19
79
80
57
47
93
2
88
99
40
41
81
56
35
7
43
27
57
84
74
90
82
64
17
79
39
10
15
5
12
74
26
66
69
81
32
38
71
48
68
16
94
12
25
34
78
58
81
8
93
39
90
54
88
28
62
67
3
31
21
41
14
30
29
57
37
2
86
57
8
27
33
22
82
82
66
19
57
47
13
17
57
88
59
51
15
81
63
87
85
7
13
2
43
6
70
71
84
28
19
52
92
87
46
38
58
61
10
74
70
61
28
63
27
6
86
40
2
44
42
36
90
53
62
88
94
89
41
79
92
31
22
40
86
51
26
42
31
61
8
84
11
25
95
97
52
87
16
81
19
42
40
29
44
6
89
88
1
91
34
70
30
10
32
90
48
85
6
20
81
52
18
26
15
100
67
55
67
55
22
52
69
60
78
79
14
30
51
42
5
72
68
43
94
32
4
7
65
45
68
22
100
21
95
10
60
26
70
72
65
35
1
19
26
40
97
2
51
28
16
94
80
27
10
1
90
77
9
49
2
68
37
57
13
13
43
61
29
93
50
54
62
26
33
88
64
32
33
2
8
47
81
81
75
85
29
82
9
28
58
35
88
9
12
56
93
75
68
86
18
82
92
97
98
78
84
23
80
95
41
36
39
17
21
25
61
2
31
83
57
12
86
38
13
62
14
97
28
18
27
51
70
80
4
100
71
42
29
69
46
72
91
11
9
50
65
89
79
93
21
34
65
6
58
70
92
23
10
40
88
27
68
3
41
75
78
16
18
66
74
46
9
80
14
99
86
63
8
97
58
95
67
38
91
26
70
47
90
2
22
77
17
27
60
94
58
74
44
71
64
25
57
87
74
40
22
37
40
5
41
67
94
81
73
16
80
52
87
56
56
17
39
74
69
58
8
95
84
51
36
59
47
46
77
70
7
58
19
48
85
29
64
78
96
18
54
16
50
70
56
30
93
57
6
19
99
77
31
33
14
63
1
7
10
43
68
60
45
63
65
97
32
93
36
18
21
7
49
15
15
56
53
40
36
16
7
51
42
67
50
61
18
14
96
97
8
88
75
98
33
30
98
33
93
86
87
48
100
30
11
39
64
78
13
36
71
39
71
43
16
16
7
91
52
86
68
52
68
48
94
75
27
35
9
92
8
30
89
15
47
60
16
35
49
75
54
42
20
53
47
74
93
7
92
3
79
83
81
38
49
63
64
70
38
52
55
9
10
37
41
33
68
9
96
19
6
60
34
24
55
38
87
56
35
30
21
96
5
52
13
9
72
52
91
81
54
45
32
31
48
67
7
75
6
18
33
54
40
7
62
50
79
53
33
43
66
95
1
12
22
