99
5
47
39
93
15
55
49
62
38
81
45
29
9
3
17
32
24
97
76
56
9
41
10
71
4
87
43
85
11
88
91
34
82
18
49
59
60
92
1
79
34
92
46
11
9
64
13
92
54
94
11
81
4
14
41
9
73
86
17
80
80
38
66
100
42
75
12
26
57
73
56
97
100
89
78
22
48
33
63
52
90
27
86
53
68
26
50
41
51
9
95
62
48
46
19
42
20
93
80
78
6
57
100
99
18
49
25
89
83
16
81
67
30
97
67
73
30
94
39
66
99
63
96
19
14
43
26
82
15
67
96
19
79
36
6
38
37
65
59
48
50
97
33
76
11
50
88
97
81
12
72
77
33
59
47
73
17
28
56
30
71
67
85
60
55
85
3
56
36
81
74
53
100
37
73
83
76
96
93
58
5
64
10
83
32
42
73
51
70
10
5
53
63
79
21
82
62
94
59
68
25
66
53
2
41
93
42
40
67
50
24
13
5
52
76
27
42
28
3
73
55
1
43
48
93
28
4
100
18
88
83
63
11
37
54
58
9
31
60
54
78
49
20
96
99
56
7
67
38
18
15
8
3
82
57
58
36
12
61
27
77
74
12
60
81
28
75
92
72
41
14
54
55
77
50
88
89
62
44
40
21
75
56
8
32
91
86
10
90
37
28
1
64
97
80
17
55
89
49
43
58
76
96
83
38
93
94
67
19
21
78
10
49
79
15
8
56
84
99
58
81
34
18
19
81
3
5
61
83
69
17
45
19
94
33
53
27
24
64
87
53
29
18
25
9
16
94
89
53
8
99
14
100
46
65
16
88
68
27
70
56
69
79
18
17
3
6
72
84
43
49
11
37
67
11
60
13
90
24
1
88
3
21
12
49
51
17
60
48
27
86
80
74
89
81
11
66
13
51
69
24
100
65
21
93
28
75
29
89
35
35
56
34
8
48
53
95
91
49
53
7
34
40
66
26
85
27
18
92
79
51
95
8
24
100
8
78
1
29
54
21
17
74
39
47
35
46
95
33
93
32
76
16
37
27
56
71
90
1
83
33
93
64
28
4
77
18
98
55
23
8
25
3
34
61
81
16
94
39
91
89
86
24
52
46
52
54
75
78
39
11
17
51
83
91
52
90
35
68
77
45
7
83
84
6
73
86
1
51
94
81
81
12
19
23
65
48
15
51
77
47
97
49
3
70
90
72
44
18
48
47
73
4
55
89
39
84
81
3
2
15
51
97
62
82
26
90
83
50
66
61
96
32
53
96
7
27
82
21
4
92
46
95
83
46
31
96
68
82
91
47
45
32
82
10
5
62
14
21
94
32
1
85
17
20
7
39
53
24
90
97
63
51
6
57
5
9
72
48
83
49
12
30
11
75
20
21
40
28
85
83
29
14
13
73
53
66
67
55
98
66
1
86
53
7
19
81
9
42
81
97
40
33
18
99
19
80
95
20
99
95
46
37
1
1
74
98
54
39
62
61
71
91
33
17
7
19
27
73
54
79
54
89
89
58
35
51
81
59
9
11
88
42
24
28
40
58
46
74
20
45
71
17
1
88
17
82
71
9
85
66
21
88
36
68
51
80
99
14
49
56
99
36
61
67
36
34
98
65
16
64
36
58
73
50
26
20
86
84
56
39
8
72
63
33
24
10
95
37
14
67
8
10
95
43
71
1
35
2
50
12
87
33
80
85
57
92
90
61
37
66
88
29
11
65
40
38
10
8
74
62
16
77
51
3
71
55
94
92
5
34
1
94
26
83
31
53
59
83
36
90
18
86
83
49
46
95
9
80
65
52
44
70
28
93
68
46
18
1
13
31
88
67
14
68
89
68
2
46
17
38
40
1
59
94
7
96
35
3
78
45
17
66
87
16
19
29
63
74
1
91
24
83
36
78
3
5
28
72
30
10
77
27
37
14
33
58
86
41
69
51
61
74
2
25
3
100
10
18
13
26
43
32
29
51
59
40
92
49
25
87
70
35
87
11
67
39
52
94
87
17
3
59
37
98
93
95
36
62
41
53
19
83
67
18
79
4
67
79
12
42
51
94
5
69
11
88
68
12
19
16
59
14
77
60
62
26
51
6
24
65
42
75
83
56
82
75
93
65
20
80
95
69
33
22
10
73
11
33
37
8
3
33
7
40
11
50
35
9
90
58
6
1
49
37
45
15
91
32
19
81
75
42
10
79
30
50
82
93
99
8
68
88
29
82
40
76
64
34
90
64
84
74
35
5
89
9
58
24
98
54
71
96
7
21
54
27
50
22
20
45
64
69
96
19
77
40
51
67
57
69
44
93
71
56
47
4
85
77
47
82
34
50
10
13
89
66
3
78
13
93
9
72
55
76
59
53
30
11
54
99
7
7
73
34
33
88
59
60
80
76
92
27
44
26
44
71
83
31
27
83
42
90
14
60
18
12
88
61
80
87
85
31
24
64
69
69
74
89
37
58
67
75
24
7
75
75
93
47
40
72
28
86
41
80
81
12
4
31
53
10
56
49
40
86
41
40
68
67
85
56
54
58
27
89
61
74
65
23
44
54
30
46
63
35
25
60
93
86
42
38
58
55
15
88
6
61
32
23
66
89
88
25
11
58
12
93
95
17
42
55
1
11
55
21
34
7
64
92
30
35
59
100
70
2
55
42
85
97
64
53
80
59
8
1
55
88
90
91
2
30
10
62
35
57
25
10
36
4
4
78
63
16
78
17
55
63
88
23
15
86
76
58
56
15
19
4
28
78
28
15
77
34
75
58
96
77
34
95
50
27
67
14
88
16
98
14
11
19
99
81
53
26
85
25
81
32
10
75
11
81
79
80
33
17
77
25
58
90
74
78
78
20
94
73
98
83
49
82
38
44
26
58
93
52
2
54
38
8
50
100
88
36
64
35
68
11
11
51
24
32
96
33
63
77
58
80
89
22
70
18
18
10
74
93
54
31
99
53
84
18
5
39
68
96
66
90
82
75
30
100
1
30
27
33
95
34
30
79
80
37
35
93
54
54
56
73
77
24
4
17
40
47
70
3
36
100
27
25
14
23
48
52
34
100
42
87
38
31
5
51
1
12
54
60
92
1
75
32
8
55
92
50
54
68
30
34
5
70
79
14
52
4
87
11
15
74
75
36
59
37
20
58
42
96
19
12
63
54
26
2
49
50
98
70
10
91
49
9
76
99
17
27
57
40
49
83
96
14
34
81
65
65
76
92
32
70
50
27
83
19
88
50
47
52
51
81
45
68
51
83
91
50
87
78
33
60
11
60
46
39
67
29
13
24
1
25
48
73
59
66
80
45
47
70
87
40
94
99
9
31
79
64
94
58
46
14
93
22
52
46
78
19
92
14
91
65
1
49
11
81
75
99
60
57
57
76
40
97
68
48
83
11
66
43
84
81
86
81
18
35
60
31
58
44
89
27
36
19
29
77
33
100
15
97
60
82
1
62
14
98
31
100
12
19
89
18
79
51
96
40
2
30
75
11
60
70
30
6
73
75
100
77
79
68
39
100
73
67
60
18
59
68
31
16
32
8
85
27
44
57
50
46
98
41
92
87
6
62
58
72
74
23
81
40
69
93
58
88
100
10
19
1
89
3
27
5
69
72
93
94
4
27
32
4
44
1
93
85
53
59
3
11
63
7
79
2
10
16
77
60
26
15
19
1
3
32
26
20
99
7
60
68
82
10
65
27
19
77
8
76
79
73
60
88
57
60
53
12
18
60
97
63
68
5
88
35
22
97
59
21
95
16
19
34
3
56
18
9
37
89
96
93
28
76
70
41
95
96
83
63
22
22
78
15
18
81
93
90
100
79
76
64
58
11
44
65
83
83
84
12
75
14
75
19
79
34
40
1
53
87
68
28
38
73
67
61
35
95
27
73
10
11
66
97
7
48
55
82
27
29
13
41
10
48
53
45
65
97
22
51
55
2
87
49
72
88
7
96
64
59
42
35
50
22
55
72
34
64
79
53
1
19
66
84
72
48
5
66
30
58
2
30
80
17
28
3
5
44
70
59
85
72
6
77
97
90
11
21
42
95
42
30
88
19
59
75
69
88
69
66
16
44
81
24
52
95
41
18
75
66
22
7
79
64
87
53
30
13
59
22
17
15
51
56
89
78
7
51
59
79
81
46
28
31
44
2
56
36
50
61
42
67
4
3
76
45
86
46
29
24
84
17
89
95
65
83
62
75
61
18
74
38
58
62
87
66
80
31
62
56
90
37
52
92
19
21
18
66
70
45
74
18
51
2
10
96
8
88
59
22
48
44
99
7
50
94
93
59
53
50
35
23
89
35
66
52
78
42
97
79
54
76
97
70
54
44
47
91
13
21
30
87
77
63
86
24
75
29
33
6
48
73
15
93
58
55
39
67
47
85
6
68
19
64
30
13
52
40
94
89
83
81
37
30
17
88
79
85
65
49
8
40
67
91
49
1
29
83
61
52
29
47
10
77
1
42
27
15
26
43
46
21
39
89
20
68
77
85
25
88
50
96
40
98
56
64
85
85
20
21
10
35
50
29
29
46
20
63
20
37
39
52
81
76
47
88
75
63
76
14
34
2
99
78
77
10
98
45
42
85
32
1
7
71
91
5
80
45
49
43
52
2
65
8
57
55
35
84
31
98
37
91
41
27
32
96
51
25
54
19
65
84
64
19
86
56
81
45
60
79
64
34
37
20
100
30
5
10
35
20
99
30
23
94
22
97
80
5
27
5
92
18
2
5
98
93
71
80
85
7
100
86
64
39
82
35
91
37
78
56
54
78
52
52
49
2
39
11
22
72
12
89
75
30
81
57
72
60
65
3
34
4
81
30
3
52
19
93
75
4
9
92
92
95
85
51
62
10
43
40
62
43
63
71
25
54
50
37
37
28
35
71
84
52
66
51
46
61
91
82
95
65
59
89
86
88
20
37
41
96
16
43
11
5
82
86
59
26
9
83
86
73
23
77
41
64
60
29
22
39
39
33
98
78
45
24
28
55
9
67
95
91
76
73
59
79
38
9
62
39
67
77
88
85
26
43
42
66
29
46
73
35
95
27
20
70
18
83
37
61
42
53
73
15
43
63
67
89
43
33
14
8
67
80
6
41
13
65
88
23
21
59
3
85
71
36
64
24
91
62
46
89
32
55
43
86
82
71
89
57
53
94
87
41
37
15
27
38
48
72
14
26
47
15
35
63
57
89
85
84
64
9
44
20
20
44
83
40
60
2
56
48
35
68
22
78
57
53
2
10
62
72
90
46
92
47
54
47
44
58
78
5
29
39
22
20
48
88
62
79
61
42
37
89
61
90
31
84
63
63
50
9
90
76
75
71
39
86
39
76
54
13
55
49
35
82
68
95
75
97
68
57
21
2
70
48
8
41
29
54
22
8
71
81
66
61
83
27
34
40
79
52
70
35
78
80
53
12
90
87
28
39
16
45
7
87
23
36
54
45
73
57
42
93
22
80
55
26
65
47
23
38
47
63
44
31
55
20
22
3
99
35
15
98
93
17
65
82
24
35
93
50
45
36
35
30
96
14
47
44
95
65
55
90
45
60
28
27
16
89
65
19
43
39
27
52
34
27
7
5
85
58
64
19
21
81
4
83
58
58
99
4
79
3
59
71
14
29
29
9
59
99
29
56
98
62
15
58
84
71
98
36
68
38
81
24
91
3
9
91
92
48
20
62
85
18
47
33
20
74
52
49
68
94
12
58
99
72
91
75
39
68
73
53
85
86
6
65
13
42
32
83
94
40
18
31
52
71
90
41
80
37
79
6
17
8
53
47
94
80
81
99
84
1
6
64
39
95
79
46
93
94
43
40
8
16
27
50
75
62
52
2
65
65
38
60
94
57
38
77
84
65
28
82
41
76
21
73
16
18
89
56
52
93
86
99
78
86
2
3
62
65
18
43
72
99
75
72
52
100
9
85
28
88
36
74
40
68
80
90
28
28
38
34
40
13
77
13
19
82
51
67
85
89
1
88
36
9
63
97
81
79
86
71
23
78
43
62
86
28
12
54
86
5
45
65
21
81
30
63
39
33
7
45
49
33
68
47
10
76
85
19
67
81
90
99
54
22
84
93
87
90
35
44
80
15
76
85
45
76
78
50
62
92
69
6
26
100
28
92
94
93
39
90
3
7
42
61
50
8
75
80
66
16
100
68
15
46
5
30
58
80
65
31
33
26
28
2
96
70
1
29
67
100
23
63
55
81
14
75
41
41
91
71
3
88
26
5
45
100
96
82
32
84
91
15
79
14
10
34
13
63
45
62
79
40
91
48
36
19
80
58
35
8
7
19
1
78
81
52
46
1
54
70
95
27
76
20
21
55
48
58
66
13
80
53
25
14
17
41
64
29
66
13
51
90
69
42
92
54
66
11
41
19
19
77
18
95
70
81
76
11
84
3
83
100
91
77
61
36
64
10
18
3
29
78
14
93
19
36
19
33
40
93
46
71
42
53
50
4
33
60
97
8
5
19
51
75
30
61
82
72
30
70
31
49
38
89
56
6
23
17
60
15
46
69
85
19
92
7
13
67
91
64
75
37
23
53
83
95
81
38
5
33
10
79
44
14
50
51
21
11
69
81
36
43
52
43
72
16
22
66
99
22
40
48
85
3
53
46
60
64
21
53
49
95
65
79
62
69
59
12
21
14
13
29
48
64
88
53
6
59
72
76
17
52
15
87
5
18
46
17
20
18
70
50
40
8
5
75
99
10
10
52
93
82
98
84
19
59
35
53
41
4
96
66
44
86
9
56
6
46
36
30
30
11
16
51
37
1
7
20
47
79
7
83
57
94
35
7
39
38
97
40
78
52
99
77
40
23
89
5
27
29
54
27
49
84
87
52
41
70
31
17
13
39
87
16
33
22
72
66
27
43
26
66
80
39
84
99
87
57
11
65
88
66
35
36
61
68
7
40
45
18
33
64
9
30
4
21
88
66
28
45
22
3
73
81
8
74
17
88
43
48
31
8
21
52
99
36
80
65
38
24
22
7
72
81
99
50
30
60
10
88
9
97
6
9
87
57
66
59
80
15
9
29
96
58
13
3
47
46
33
35
19
33
65
22
95
41
29
64
77
61
22
41
1
30
48
56
45
8
82
89
55
70
96
10
7
32
99
60
57
82
30
27
89
95
81
37
29
5
49
28
54
90
5
35
52
83
47
83
21
56
7
29
68
99
43
100
55
91
25
94
40
26
98
49
67
30
40
70
74
74
33
17
44
16
48
92
80
93
100
15
93
32
49
64
4
99
23
21
13
30
20
94
70
23
37
4
1
6
18
92
53
71
84
73
44
55
92
23
85
59
3
14
68
51
25
66
88
65
9
21
68
64
13
28
88
68
29
38
39
10
80
16
11
22
62
28
82
86
4
27
62
97
3
99
91
46
17
25
17
82
77
23
100
63
100
5
72
95
45
96
88
86
10
53
25
79
67
55
70
60
15
33
92
44
7
82
14
91
55
10
56
28
55
58
89
76
46
99
94
36
93
69
80
6
97
6
87
37
60
38
43
69
68
19
50
97
82
56
84
48
1
67
63
62
62
93
27
44
26
9
78
82
34
3
44
14
41
10
76
34
42
16
41
55
38
100
47
50
50
93
52
22
22
77
25
36
49
90
91
51
70
35
94
76
83
67
52
40
34
94
13
35
16
46
99
26
24
91
40
3
56
84
80
18
77
91
18
6
39
30
13
4
61
3
44
74
5
26
32
34
9
80
29
74
15
92
83
91
75
95
41
17
9
66
66
3
36
13
65
50
67
24
82
24
14
78
46
47
25
23
15
22
49
75
91
30
99
41
87
7
57
73
65
73
48
86
88
11
63
29
78
24
17
18
39
60
86
21
72
96
62
88
24
25
11
44
68
86
38
10
67
98
80
51
18
50
12
67
59
55
30
2
46
73
79
50
55
67
34
66
3
31
63
22
60
87
38
21
96
52
29
46
12
70
87
40
91
70
73
96
99
59
50
8
76
87
16
88
88
65
42
35
49
64
23
97
100
23
76
38
46
30
36
63
29
36
75
61
2
67
24
46
86
94
65
86
100
51
2
60
93
23
49
19
36
69
89
74
25
59
53
17
19
64
22
8
75
75
11
46
61
63
50
80
6
92
54
77
7
29
77
21
29
93
38
18
30
17
20
27
7
81
83
22
49
33
57
27
57
65
4
29
50
81
95
98
12
93
22
42
15
10
18
80
100
68
18
23
2
18
26
31
50
4
78
25
32
62
40
53
96
14
66
19
93
46
46
8
79
61
17
57
42
57
10
26
39
3
27
18
77
66
39
63
59
98
8
65
67
30
14
11
11
32
63
9
10
26
71
24
53
49
27
100
87
18
39
84
92
9
90
54
30
73
36
15
11
83
25
9
37
75
44
79
63
43
11
75
51
11
78
75
52
57
46
28
15
29
4
23
87
72
57
100
10
43
22
54
84
10
58
40
70
54
18
45
36
36
69
77
31
82
48
54
21
34
84
74
21
29
74
93
31
68
58
77
6
64
85
68
15
99
93
52
54
95
91
2
28
26
94
66
18
20
19
86
100
44
59
25
70
43
3
74
47
69
27
48
12
79
24
50
99
62
8
93
26
59
98
65
81
49
97
49
75
83
19
70
83
81
5
82
34
24
39
76
43
35
14
78
57
79
56
100
82
62
74
86
9
7
87
29
16
11
16
68
44
85
8
25
23
16
63
27
13
69
41
49
78
56
23
2
26
32
28
39
5
13
73
37
24
92
61
85
51
62
96
93
33
70
33
95
80
7
53
98
30
60
41
56
2
69
42
41
15
6
84
86
15
52
38
33
74
24
74
61
98
45
76
91
59
96
16
43
73
83
99
100
99
36
35
70
57
66
27
87
72
95
48
7
88
78
71
66
16
22
98
8
36
61
34
13
93
22
78
98
96
72
3
97
40
22
13
81
27
1
10
17
65
88
24
26
22
36
92
6
8
85
65
92
51
77
94
70
55
52
96
93
5
5
61
44
48
2
99
18
6
12
76
38
95
48
6
14
30
74
12
8
23
40
43
53
87
1
62
59
34
21
1
41
96
89
15
19
43
16
76
91
31
61
81
54
50
87
16
66
98
63
33
83
77
78
46
19
28
94
79
34
40
68
29
32
31
19
76
91
31
5
27
45
7
58
46
81
99
45
45
100
29
43
20
44
15
15
52
84
51
90
87
58
81
70
65
32
84
13
85
98
18
12
6
33
23
26
39
57
28
36
45
35
3
42
16
82
100
40
60
44
72
54
31
78
14
60
94
24
2
97
39
78
