20
82
57
97
33
78
45
70
43
67
14
76
97
63
85
64
76
86
36
80
8
93
78
1
99
96
25
54
65
18
5
44
10
14
18
88
4
67
8
79
39
45
89
55
75
70
34
46
28
42
23
4
77
82
99
17
95
99
20
56
82
8
39
76
12
44
92
15
1
65
87
3
65
89
99
48
33
98
39
82
14
28
17
21
42
99
47
13
35
31
85
2
45
94
2
30
16
48
92
98
1
97
29
44
7
54
46
11
86
9
68
31
72
63
9
75
25
71
96
83
29
74
68
27
34
62
92
15
2
3
54
33
39
80
35
56
53
32
46
98
64
64
74
10
4
50
78
68
6
50
25
44
18
46
17
36
6
66
37
16
16
67
2
28
2
6
98
42
94
48
12
61
80
57
62
66
29
76
22
88
67
8
99
12
82
58
46
85
89
56
15
17
37
85
41
64
85
35
47
45
62
56
97
2
90
43
59
62
71
17
29
68
63
87
79
67
68
5
28
24
58
8
84
32
95
78
95
71
98
43
29
17
30
60
98
95
7
97
39
90
17
39
50
76
53
9
6
49
37
58
92
100
17
68
60
68
