87
51
48
16
4
55
46
37
58
84
52
82
88
15
72
23
90
69
97
74
15
70
80
32
6
80
79
15
14
36
20
47
39
94
53
57
48
29
46
37
80
33
88
76
48
24
46
98
49
92
92
76
18
64
42
66
92
42
71
17
91
15
73
68
37
54
77
36
100
5
22
26
77
49
12
74
76
44
74
54
48
21
35
90
12
99
84
82
46
53
48
32
68
48
4
53
70
46
1
71
99
83
96
28
43
84
61
43
5
49
44
17
15
93
61
25
31
42
60
10
39
80
55
23
45
98
27
8
22
45
60
33
68
52
42
83
77
28
60
80
24
60
20
10
15
23
33
7
85
34
44
55
85
92
78
8
96
83
98
8
24
18
97
54
99
2
11
27
70
42
36
98
41
19
25
36
69
59
83
73
52
62
49
47
28
35
53
85
91
59
91
89
68
75
42
73
65
87
35
89
2
62
99
8
20
20
92
44
31
68
28
67
47
3
93
34
69
3
49
65
37
82
30
9
73
47
1
97
54
10
6
26
27
73
42
35
3
18
40
2
97
91
21
48
27
79
67
91
78
15
58
42
95
13
52
5
32
63
34
74
62
24
11
13
92
84
58
13
21
27
74
13
10
40
27
59
2
56
96
13
88
22
63
61
35
50
81
10
48
74
64
33
74
34
18
11
99
35
73
63
79
60
96
31
14
87
98
19
45
83
24
25
31
8
44
79
45
92
37
19
18
94
100
65
1
13
79
59
18
49
17
45
66
3
19
28
58
89
84
54
96
49
48
87
35
97
11
10
40
56
86
48
44
63
2
83
67
27
91
33
84
31
80
3
28
17
3
57
98
43
88
34
87
28
67
7
79
55
59
34
25
83
5
51
9
76
64
38
35
90
40
29
88
9
91
47
95
90
58
43
33
44
26
43
12
14
29
40
50
72
6
27
5
38
41
24
3
64
3
52
46
3
55
69
23
97
10
61
19
60
6
17
39
46
99
82
95
1
44
24
13
54
82
66
74
69
70
79
77
72
66
7
76
76
67
9
77
85
92
48
67
34
61
59
52
40
74
77
83
69
22
32
65
97
98
26
48
100
27
13
4
33
47
100
19
78
1
88
64
91
17
78
91
2
46
99
36
47
18
67
3
63
87
30
80
73
69
9
91
44
43
29
31
54
49
1
35
25
79
52
50
30
72
36
43
94
69
36
65
44
8
69
62
17
99
20
23
73
20
13
71
18
65
78
96
25
64
23
97
39
27
8
15
95
27
96
26
80
1
27
46
58
34
26
54
67
57
81
55
38
58
29
71
49
38
67
7
81
24
15
88
56
92
8
47
57
11
63
50
82
8
19
10
55
68
17
9
21
33
95
58
84
88
61
9
58
25
88
1
99
7
60
18
37
59
74
9
31
46
38
86
20
43
32
50
18
20
66
34
73
11
21
73
70
57
9
42
64
75
14
79
67
24
92
90
18
75
57
45
54
88
14
83
96
97
83
87
37
41
41
100
36
98
18
4
66
1
91
61
6
62
32
100
5
93
37
33
20
86
8
41
10
57
56
28
2
62
51
22
89
79
30
91
66
42
50
67
78
77
56
66
28
85
18
89
47
71
46
44
72
69
56
88
43
8
85
79
34
96
46
52
80
85
41
83
49
21
96
86
30
20
64
61
72
51
57
13
37
16
64
29
69
68
35
3
18
95
50
27
44
89
40
12
59
85
4
56
90
73
88
79
39
23
43
61
65
46
50
73
63
48
5
11
46
59
60
35
61
28
34
75
96
19
40
7
8
76
28
61
99
48
58
53
40
46
68
16
100
22
37
81
67
88
79
73
100
72
59
79
30
44
40
37
9
22
70
3
12
74
27
75
59
57
38
86
100
10
38
22
19
53
79
100
42
87
42
78
71
12
21
10
65
5
6
40
28
48
54
2
55
85
26
71
42
74
50
49
95
83
97
90
50
40
85
12
48
57
6
34
69
73
23
5
44
18
3
44
4
43
71
22
37
21
32
80
65
74
21
80
44
75
97
20
40
78
23
20
74
41
37
25
66
14
62
81
97
89
100
13
91
32
14
28
18
67
57
25
100
43
29
66
52
30
94
19
65
73
73
74
94
37
22
93
92
26
67
69
27
41
58
53
65
73
19
14
24
25
25
39
4
87
25
64
17
93
81
76
99
95
24
48
15
97
2
11
22
100
1
71
85
90
88
51
29
34
68
59
53
66
12
13
19
77
82
23
90
56
51
33
5
74
95
3
74
15
73
13
67
60
6
98
41
70
48
26
63
39
18
7
16
39
25
39
79
91
53
92
53
78
53
91
24
16
58
